%YAML:1.0
laser_plane: !!opencv-matrix
   rows: 1
   cols: 4
   dt: d
   data: [ 4.3866342621762873e-02, -9.3565639064776662e-01,
       -3.5017547404834587e-01, 2.3878955911148797e-01 ]